1869
60468
1054
6775
2297
3569
4088
22809
3091
4087
51385
5454
23598
5453
9421
4899
4824
1053
1628
2623
2296
6778
4211
6776
1050
338917
4091
2627
4084
7068
7157
3169
1832
64100
7528
2300
7490
2737
6774
6657
7033
2958
6773
6777
4090
2957
6772
9480
5966
81033
7067
1406
8856
59348
5925
5075
672
1959
2649
2033
50943
5460
1958
7080
4825
6239
429
2004
3201
2078
4303
9709
4094
6667
6910
1649
7026
51176
50514
5978
2005
22926
988
7392
3170
140628
9935
6668
6665
7391
9575
4005
2310
3196
54345
6721
3223
6722
3195
6720
3171
3172
5465
5015
8456
2516
4089
79365
6925
51222
958
4092
10062
3174
6689
11166
6671
5077
3175
2313
4821
9603
4790
3662
4773
8521
5914
84504
7342
2355
864
4776
56938
30832
861
4791
11278
2672
4086
4763
6670
3663
4097
5915
5079
3665
2100
4778
4609
1051
3205
6927
5457
3661
4772
860
1052
4205
5090
2551
3660
1960
1943
2553
126626
2101
5076
1390
8022
5316
8061
468
10210
3726
6663
8463
326
2118
4783
4602
4779
571
3725
9464
6886
4782
4601
6258
4654
5241
30062
6887
3664
2002
1961
6664
6256
2288
11016
3204
1489
4775
4801
5989
2114
467
7942
196
3131
4149
5970
6660
5087
3211
4150
10472
1875
3394
6662
30812
405
8092
4656
10773
7975
2908
5013
4800
639
7546
5080
84159
8626
406
6928
2113
4520
6666
8625
1044
3297
2099
7704
3298
9971
1045
11036
367
8328
144455
7022
4617
4286
7593
1870
7494
3280
2624
1998
5994
7025
6929
2354
51341
6736
7020
9354
8403
6934
2353
6658
466
50624
6900
5462
10379
1482
5990
3651
846
7376
2294
472
6095
29072
3727
2295
25988
7849
5991
7023
2302
3586
2494
5308
324
2625
6659
2735
2309
1385
1386
2000
6938
7003
55810
6935
3090
5328
2077
2969
7030
4618
2626
1877
6908
5916
27022
2736
7421
5449
3659
2299
1871
8091
7021
5452
6257
7027
2308
2305
6688
4613
5468
5089
9915
23764
5993
3217
5450
1523
60529
5992
3218
1874
4807
2186
5451
